source,target,weight
72,31,15.581185915799997
72,1,1.1
72,11,1.7033333334000007
72,29,1.0909090909999999
72,20,0.7
72,32,0.7
72,0,4.590865800799999
72,10,0.87
72,34,-0.0611688312
72,28,0.0
72,30,0.6636363638
72,46,2.5727272727999995
72,62,1.9389981448
72,6,0.25
72,74,1.25
72,37,0.4545454546
72,63,1.26
31,72,15.581185915799997
31,20,0.9393939393999999
31,0,44.17558997040003
31,29,4.4903024706
31,62,23.358863053399993
31,11,3.005391239
31,28,2.3543116934
31,6,2.4754545454000003
31,30,3.2856060606
31,32,5.2014962119999995
31,46,1.7962121212
31,34,-0.5106060605999998
31,35,0.10227272720000001
31,74,0.025
31,69,0.32
31,1,0.32
31,73,0.2166666666
31,17,0.0
31,4,5.791083453400001
31,10,0.0
31,77,2.3596969698000003
31,63,1.735
1,72,1.1
1,31,0.32
1,0,3.8875
11,72,1.7033333334000007
11,31,3.005391239
11,0,3.0333333333999994
11,62,0.6166666666
29,72,1.0909090909999999
29,31,4.4903024706
29,20,2.1380555556
29,0,5.9009307359999985
29,62,0.46349206339999993
29,6,0.4
20,72,0.7
20,31,0.9393939393999999
20,29,2.1380555556
20,0,37.76265644579998
20,30,1.725
20,17,0.9159090910000001
20,32,0.1666666666
20,62,2.3714285714
20,34,7.2812050264
20,46,36.12287269919999
20,19,3.4537445888000002
20,6,3.5494444443999997
20,10,2.3042424242
20,47,5.4513069572
20,4,1.8238095237999998
20,77,0.0
20,63,0.0
32,72,0.7
32,31,5.2014962119999995
32,20,0.1666666666
32,0,5.2751924002
32,62,1.9252380952
32,6,0.0
32,34,0.45
32,73,0.45
0,72,4.590865800799999
0,31,44.17558997040003
0,1,3.8875
0,11,3.0333333333999994
0,29,5.9009307359999985
0,20,37.76265644579998
0,32,5.2751924002
0,30,5.226785714200001
0,17,25.19175324700001
0,10,40.1425064522
0,37,4.240327381
0,62,31.567734250799997
0,25,0.4
0,63,37.2133198284
0,6,14.380734126800002
0,46,65.89577261979998
0,69,2.7916666666
0,34,11.444426406999998
0,4,76.73345879720007
0,77,83.75559552060004
0,8,5.1261904764
0,3,9.878149350400001
0,19,5.508261183400001
0,47,4.762659771399999
0,79,27.036886212
0,78,5.595819161
10,72,0.87
10,31,0.0
10,20,2.3042424242
10,0,40.1425064522
10,17,-0.12159090920000001
10,46,3.0250000000000004
10,6,0.15000000000000002
10,19,2.0242424242
10,63,3.0809881785999993
10,3,1.9416666666000002
10,77,6.7339141416
10,4,23.60839891659999
10,79,3.5
10,78,4.0
10,8,0.1333333334
34,72,-0.0611688312
34,31,-0.5106060605999998
34,20,7.2812050264
34,32,0.45
34,0,11.444426406999998
34,17,0.0
34,46,20.607819099799997
34,6,0.6875
34,47,1.158095238
28,72,0.0
28,31,2.3543116934
28,77,0.6
30,72,0.6636363638
30,31,3.2856060606
30,20,1.725
30,0,5.226785714200001
30,6,1.0
30,62,0.4366666666
46,72,2.5727272727999995
46,31,1.7962121212
46,20,36.12287269919999
46,0,65.89577261979998
46,10,3.0250000000000004
46,34,20.607819099799997
46,17,1.3409090909999999
46,62,0.2
46,63,1.2508333334000001
46,6,3.4447972859999996
46,4,4.5000850342000005
46,5,1.0555555555999998
46,19,8.22748557
46,47,8.1827179608
46,77,4.6957425432
46,79,1.195436508
46,8,0.9000000000000001
46,3,1.05
46,78,1.12825
62,72,1.9389981448
62,31,23.358863053399993
62,11,0.6166666666
62,29,0.46349206339999993
62,20,2.3714285714
62,32,1.9252380952
62,0,31.567734250799997
62,30,0.4366666666
62,46,0.2
62,17,0.4366666666
62,25,0.5
62,6,4.4074001922
62,63,0.85
62,69,0.7
62,61,0.6962962962
6,72,0.25
6,31,2.4754545454000003
6,29,0.4
6,20,3.5494444443999997
6,32,0.0
6,0,14.380734126800002
6,10,0.15000000000000002
6,34,0.6875
6,30,1.0
6,46,3.4447972859999996
6,62,4.4074001922
6,47,0.3612903226
6,4,2.007012987
6,77,-0.4214285714
74,72,1.25
74,31,0.025
37,72,0.4545454546
37,0,4.240327381
63,72,1.26
63,31,1.735
63,20,0.0
63,0,37.2133198284
63,10,3.0809881785999993
63,46,1.2508333334000001
63,62,0.85
63,17,5.287384282400001
63,77,9.800165945399996
63,3,4.900641858
63,4,24.913915899000017
63,78,1.6
63,79,2.0712810904000003
63,8,5.296803474199998
35,31,0.10227272720000001
69,31,0.32
69,0,2.7916666666
69,62,0.7
69,4,0.875
73,31,0.2166666666
73,32,0.45
17,31,0.0
17,20,0.9159090910000001
17,0,25.19175324700001
17,10,-0.12159090920000001
17,34,0.0
17,46,1.3409090909999999
17,62,0.4366666666
17,63,5.287384282400001
17,77,4.5425757576
17,3,0.6575757576000001
17,8,0.6575757576000001
17,79,2.7992424242000005
17,4,2.1652380952000003
4,31,5.791083453400001
4,20,1.8238095237999998
4,0,76.73345879720007
4,10,23.60839891659999
4,46,4.5000850342000005
4,6,2.007012987
4,17,2.1652380952000003
4,69,0.875
4,63,24.913915899000017
4,79,15.352783036599995
4,77,31.714557784
4,8,14.158975087599998
4,3,19.557919291
4,78,11.1277301034
4,45,0.2
77,31,2.3596969698000003
77,20,0.0
77,0,83.75559552060004
77,10,6.7339141416
77,28,0.6
77,46,4.6957425432
77,6,-0.4214285714
77,17,4.5425757576
77,63,9.800165945399996
77,79,15.4714147386
77,4,31.714557784
77,3,7.7963296498
77,8,1.5077741701999998
77,78,10.285506258199998
77,39,0.1
77,40,0.1
77,23,0.5
19,20,3.4537445888000002
19,0,5.508261183400001
19,10,2.0242424242
19,46,8.22748557
19,47,0.35
47,20,5.4513069572
47,0,4.762659771399999
47,34,1.158095238
47,46,8.1827179608
47,6,0.3612903226
47,19,0.35
25,0,0.4
25,62,0.5
8,0,5.1261904764
8,10,0.1333333334
8,46,0.9000000000000001
8,17,0.6575757576000001
8,63,5.296803474199998
8,79,0.4097222222
8,4,14.158975087599998
8,3,0.0
8,77,1.5077741701999998
8,78,0.0
3,0,9.878149350400001
3,10,1.9416666666000002
3,46,1.05
3,17,0.6575757576000001
3,63,4.900641858
3,79,3.4197916666
3,4,19.557919291
3,77,7.7963296498
3,78,2.95
3,8,0.0
79,0,27.036886212
79,10,3.5
79,46,1.195436508
79,17,2.7992424242000005
79,63,2.0712810904000003
79,4,15.352783036599995
79,77,15.4714147386
79,3,3.4197916666
79,45,-0.1
79,8,0.4097222222
79,78,7.1662448126
78,0,5.595819161
78,10,4.0
78,46,1.12825
78,63,1.6
78,79,7.1662448126
78,4,11.1277301034
78,3,2.95
78,8,0.0
78,77,10.285506258199998
5,46,1.0555555555999998
61,62,0.6962962962
45,79,-0.1
45,4,0.2
39,77,0.1
40,77,0.1
23,77,0.5
